
R version 4.5.1 (2025-06-13 ucrt) -- "Great Square Root"
Copyright (C) 2025 The R Foundation for Statistical Computing
Platform: x86_64-w64-mingw32/x64

R is free software and comes with ABSOLUTELY NO WARRANTY.
You are welcome to redistribute it under certain conditions.
Type 'license()' or 'licence()' for distribution details.

  Natural language support but running in an English locale

R is a collaborative project with many contributors.
Type 'contributors()' for more information and
'citation()' on how to cite R or R packages in publications.

Type 'demo()' for some demos, 'help()' for on-line help, or
'help.start()' for an HTML browser interface to help.
Type 'q()' to quit R.

> pkgname <- "CrossCarry"
> source(file.path(R.home("share"), "R", "examples-header.R"))
> options(warn = 1)
> options(pager = "console")
> base::assign(".ExTimings", "CrossCarry-Ex.timings", pos = 'CheckExEnv')
> base::cat("name\tuser\tsystem\telapsed\n", file=base::get(".ExTimings", pos = 'CheckExEnv'))
> base::assign(".format_ptime",
+ function(x) {
+   if(!is.na(x[4L])) x[1L] <- x[1L] + x[4L]
+   if(!is.na(x[5L])) x[2L] <- x[2L] + x[5L]
+   options(OutDec = '.')
+   format(x[1L:3L], digits = 7L)
+ },
+ pos = 'CheckExEnv')
> 
> ### * </HEADER>
> library('CrossCarry')
> 
> base::assign(".oldSearch", base::search(), pos = 'CheckExEnv')
> base::assign(".old_wd", base::getwd(), pos = 'CheckExEnv')
> cleanEx()
> nameEx("CrossGEE")
> ### * CrossGEE
> 
> flush(stderr()); flush(stdout())
> 
> base::assign(".ptime", proc.time(), pos = "CheckExEnv")
> ### Name: CrossGEE
> ### Title: Run a GEE model for data from a crossover experiment
> ### Aliases: CrossGEE
> 
> ### ** Examples
> 
> data(Water)
> model <- CrossGEE(response="LCC", covar=c("Age"), period="Period",
+                   treatment = "Treatment", id="ID", carry="Carry_Agua",
+                   family=gaussian(),correlation ="AR-M", Mv=1 ,data=Water)
Beginning Cgee S-function, @(#) geeformula.q 4.13 98/01/27
running glm to get initial regression estimate
(Intercept)      Period   Treatment  Carry_Agua         Age 
 5.42548308  8.58157895  3.34246150 -1.66088255  0.09894037 
Beginning Cgee S-function, @(#) geeformula.q 4.13 98/01/27
running glm to get initial regression estimate
(Intercept)      Period   Treatment  Carry_Agua         Age 
 5.42548308  8.58157895  3.34246150 -1.66088255  0.09894037 
> 
> model$QIC
                  QICs
QIC        5306.284555
QICu       5304.994013
Quasi Lik -2647.497006
CIC           5.645271
params        5.000000
QICC       5307.451222
> model$model

 GEE:  GENERALIZED LINEAR MODELS FOR DEPENDENT DATA
 gee S-function, version 4.13 modified 98/01/27 (1998) 

Model:
 Link:                      Identity 
 Variance to Mean Relation: Gaussian 
 Correlation Structure:     AR-M , M = 1 

Call:
gee::gee(formula = form1, id = id, data = data, family = family, 
    corstr = correlation, Mv = Mv)

Number of observations :  158 

Maximum cluster size   :  2 


Coefficients:
(Intercept)      Period   Treatment  Carry_Agua         Age 
 5.42548308  8.58157895  3.34246150 -1.66088255  0.09894037 

Estimated Scale Parameter:  34.6078
Number of Iterations:  1

Working Correlation[1:4,1:4]
          [,1]      [,2]
[1,] 1.0000000 0.6058382
[2,] 0.6058382 1.0000000


Returned Error Value:
[1] 0
> 
> ## Aproximate p-values
> (pvalues <- 2 * pnorm(abs(coef(summary(model$model))[,5]), lower.tail = FALSE))
 (Intercept)       Period    Treatment   Carry_Agua          Age 
2.168724e-01 1.459204e-39 4.310915e-02 2.901286e-01 7.663518e-01 
> 
> summary(model$model)

 GEE:  GENERALIZED LINEAR MODELS FOR DEPENDENT DATA
 gee S-function, version 4.13 modified 98/01/27 (1998) 

Model:
 Link:                      Identity 
 Variance to Mean Relation: Gaussian 
 Correlation Structure:     AR-M , M = 1 

Call:
gee::gee(formula = form1, id = id, data = data, family = family, 
    corstr = correlation, Mv = Mv)

Summary of Residuals:
        Min          1Q      Median          3Q         Max 
-15.3585640  -4.4525952  -0.3378676   3.6618675  15.3642517 


Coefficients:
               Estimate Naive S.E.    Naive z Robust S.E.   Robust z
(Intercept)  5.42548308  4.6969406  1.1551100   4.3935040  1.2348875
Period       8.58157895  0.6874963 12.4823630   0.6520153 13.1616214
Treatment    3.34246150  1.5600344  2.1425563   1.6525152  2.0226510
Carry_Agua  -1.66088255  1.4003771 -1.1860252   1.5700703 -1.0578396
Age          0.09894037  0.3752317  0.2636781   0.3329641  0.2971503

Estimated Scale Parameter:  34.6078
Number of Iterations:  1

Working Correlation
          [,1]      [,2]
[1,] 1.0000000 0.6058382
[2,] 0.6058382 1.0000000
> 
> 
> 
> base::assign(".dptime", (proc.time() - get(".ptime", pos = "CheckExEnv")), pos = "CheckExEnv")
> base::cat("CrossGEE", base::get(".format_ptime", pos = 'CheckExEnv')(get(".dptime", pos = "CheckExEnv")), "\n", file=base::get(".ExTimings", pos = 'CheckExEnv'), append=TRUE, sep="\t")
> cleanEx()
> nameEx("CrossGEEKron")
> ### * CrossGEEKron
> 
> flush(stderr()); flush(stdout())
> 
> base::assign(".ptime", proc.time(), pos = "CheckExEnv")
> ### Name: CrossGEEKron
> ### Title: Run a GEE model for data from a crossover experiment with
> ###   repeated measures
> ### Aliases: CrossGEEKron
> 
> ### ** Examples
> 
> data(Arterial)
> 
> carrydata <- createCarry(data=Arterial, treatment = "Treatment",
+  period = "Period",id="Subject")
[1] "This variable was added to data: Carry_B"
[2] "This variable was added to data: Carry_C"
> 
> data <- carrydata$data
> carry <- carrydata$carryover
> model <- CrossGEEKron(response = "Pressure", treatment = "Treatment",
+ period = "Period", id="Subject", time="Time",
+  carry=c("Carry_B","Carry_C"),data=data, correlation = "AR-M", Mv=1)
Beginning Cgee S-function, @(#) geeformula.q 4.13 98/01/27
running glm to get initial regression estimate
 (Intercept)      Period2      Period3   TreatmentB   TreatmentC      Carry_B 
108.40919588   4.70000000   3.57500000   0.40500000  -7.75500000  -5.58500000 
     Carry_C         Time 
 -7.56500000   0.00620324 
Beginning Cgee S-function, @(#) geeformula.q 4.13 98/01/27
user's initial regression estimate
              [,1]
[1,] 107.641723878
[2,]   3.983555805
[3,]   2.503304217
[4,]   1.781739439
[5,]  -4.609707228
[6,]  -3.732967827
[7,]  -4.028708426
[8,]  -0.008225912
Beginning Cgee S-function, @(#) geeformula.q 4.13 98/01/27
user's initial regression estimate
              [,1]
[1,] 108.882381429
[2,]   4.216342381
[3,]   3.167972564
[4,]   0.869180675
[5,]  -5.797436277
[6,]  -4.848515241
[7,]  -5.800678387
[8,]  -0.005395978
Beginning Cgee S-function, @(#) geeformula.q 4.13 98/01/27
user's initial regression estimate
              [,1]
[1,] 108.879005144
[2,]   4.224081955
[3,]   3.174968187
[4,]   0.861714423
[5,]  -5.811173343
[6,]  -4.851526887
[7,]  -5.831077607
[8,]  -0.005328551
Beginning Cgee S-function, @(#) geeformula.q 4.13 98/01/27
running glm to get initial regression estimate
 (Intercept)      Period2      Period3   TreatmentB   TreatmentC      Carry_B 
108.40919588   4.70000000   3.57500000   0.40500000  -7.75500000  -5.58500000 
     Carry_C         Time 
 -7.56500000   0.00620324 
Beginning Cgee S-function, @(#) geeformula.q 4.13 98/01/27
running glm to get initial regression estimate
 (Intercept)      Period2      Period3   TreatmentB   TreatmentC      Carry_B 
108.40919588   4.70000000   3.57500000   0.40500000  -7.75500000  -5.58500000 
     Carry_C         Time 
 -7.56500000   0.00620324 
> 
> model$QIC
                  QICs
QIC        48935.85947
QICu       48910.68975
Quasi Lik -24447.34487
CIC           20.58486
params         8.00000
QICC       49025.85947
> model$Within
            [,1]       [,2]       [,3]      [,4]      [,5]      [,6]      [,7]
 [1,] 1.00000000 0.68529607 0.46963070 0.3218361 0.2205530 0.1511441 0.1035785
 [2,] 0.68529607 1.00000000 0.68529607 0.4696307 0.3218361 0.2205530 0.1511441
 [3,] 0.46963070 0.68529607 1.00000000 0.6852961 0.4696307 0.3218361 0.2205530
 [4,] 0.32183607 0.46963070 0.68529607 1.0000000 0.6852961 0.4696307 0.3218361
 [5,] 0.22055299 0.32183607 0.46963070 0.6852961 1.0000000 0.6852961 0.4696307
 [6,] 0.15114410 0.22055299 0.32183607 0.4696307 0.6852961 1.0000000 0.6852961
 [7,] 0.10357846 0.15114410 0.22055299 0.3218361 0.4696307 0.6852961 1.0000000
 [8,] 0.07098191 0.10357846 0.15114410 0.2205530 0.3218361 0.4696307 0.6852961
 [9,] 0.04864362 0.07098191 0.10357846 0.1511441 0.2205530 0.3218361 0.4696307
[10,] 0.03333528 0.04864362 0.07098191 0.1035785 0.1511441 0.2205530 0.3218361
            [,8]       [,9]      [,10]
 [1,] 0.07098191 0.04864362 0.03333528
 [2,] 0.10357846 0.07098191 0.04864362
 [3,] 0.15114410 0.10357846 0.07098191
 [4,] 0.22055299 0.15114410 0.10357846
 [5,] 0.32183607 0.22055299 0.15114410
 [6,] 0.46963070 0.32183607 0.22055299
 [7,] 0.68529607 0.46963070 0.32183607
 [8,] 1.00000000 0.68529607 0.46963070
 [9,] 0.68529607 1.00000000 0.68529607
[10,] 0.46963070 0.68529607 1.00000000
> model$Between
           [,1]       [,2]      [,3]
[1,] 1.00000000 0.08112232 0.2998649
[2,] 0.08112232 1.00000000 0.1447853
[3,] 0.29986495 0.14478527 1.0000000
> summary(model$model)

 GEE:  GENERALIZED LINEAR MODELS FOR DEPENDENT DATA
 gee S-function, version 4.13 modified 98/01/27 (1998) 

Model:
 Link:                      Identity 
 Variance to Mean Relation: Gaussian 
 Correlation Structure:     Fixed 

Call:
gee::gee(formula = form1, id = id, data = data, R = RR, family = family, 
    corstr = "fixed")

Summary of Residuals:
          Min            1Q        Median            3Q           Max 
-29.122447981  -9.077598731  -0.003376778   8.111933050  28.395709975 


Coefficients:
                 Estimate Naive S.E.    Naive z Robust S.E.  Robust z
(Intercept) 108.878657812 2.74906004 39.6057766 3.177916618 34.261018
Period2       4.223878701 3.50112212  1.2064357 2.193752747  1.925412
Period3       3.174725533 3.22004742  0.9859251 1.254633333  2.530401
TreatmentB    0.861646268 2.80776823  0.3068794 1.559046887  0.552675
TreatmentC   -5.811683146 2.80776823 -2.0698586 1.505956568 -3.859131
Carry_B      -4.851058158 3.60085527 -1.3471961 2.331888201 -2.080313
Carry_C      -5.831476357 3.60085527 -1.6194698 2.406292623 -2.423428
Time         -0.005325147 0.01032236 -0.5158844 0.004777725 -1.114578

Estimated Scale Parameter:  138.9054
Number of Iterations:  2

Working Correlation
             [,1]        [,2]        [,3]        [,4]       [,5]       [,6]
 [1,] 1.000000000 0.685296065 0.469630697 0.321836069 0.22055299 0.15114410
 [2,] 0.685296065 1.000000000 0.685296065 0.469630697 0.32183607 0.22055299
 [3,] 0.469630697 0.685296065 1.000000000 0.685296065 0.46963070 0.32183607
 [4,] 0.321836069 0.469630697 0.685296065 1.000000000 0.68529607 0.46963070
 [5,] 0.220552992 0.321836069 0.469630697 0.685296065 1.00000000 0.68529607
 [6,] 0.151144097 0.220552992 0.321836069 0.469630697 0.68529607 1.00000000
 [7,] 0.103578455 0.151144097 0.220552992 0.321836069 0.46963070 0.68529607
 [8,] 0.070981908 0.103578455 0.151144097 0.220552992 0.32183607 0.46963070
 [9,] 0.048643622 0.070981908 0.103578455 0.151144097 0.22055299 0.32183607
[10,] 0.033335283 0.048643622 0.070981908 0.103578455 0.15114410 0.22055299
[11,] 0.081122322 0.055592808 0.038097532 0.026108089 0.01789177 0.01226116
[12,] 0.055592808 0.081122322 0.055592808 0.038097532 0.02610809 0.01789177
[13,] 0.038097532 0.055592808 0.081122322 0.055592808 0.03809753 0.02610809
[14,] 0.026108089 0.038097532 0.055592808 0.081122322 0.05559281 0.03809753
[15,] 0.017891771 0.026108089 0.038097532 0.055592808 0.08112232 0.05559281
[16,] 0.012261160 0.017891771 0.026108089 0.038097532 0.05559281 0.08112232
[17,] 0.008402525 0.012261160 0.017891771 0.026108089 0.03809753 0.05559281
[18,] 0.005758217 0.008402525 0.012261160 0.017891771 0.02610809 0.03809753
[19,] 0.003946084 0.005758217 0.008402525 0.012261160 0.01789177 0.02610809
[20,] 0.002704236 0.003946084 0.005758217 0.008402525 0.01226116 0.01789177
[21,] 0.299864946 0.205496268 0.140825784 0.096507355 0.06613611 0.04532282
[22,] 0.205496268 0.299864946 0.205496268 0.140825784 0.09650736 0.06613611
[23,] 0.140825784 0.205496268 0.299864946 0.205496268 0.14082578 0.09650736
[24,] 0.096507355 0.140825784 0.205496268 0.299864946 0.20549627 0.14082578
[25,] 0.066136111 0.096507355 0.140825784 0.205496268 0.29986495 0.20549627
[26,] 0.045322817 0.066136111 0.096507355 0.140825784 0.20549627 0.29986495
[27,] 0.031059548 0.045322817 0.066136111 0.096507355 0.14082578 0.20549627
[28,] 0.021284986 0.031059548 0.045322817 0.066136111 0.09650736 0.14082578
[29,] 0.014586517 0.021284986 0.031059548 0.045322817 0.06613611 0.09650736
[30,] 0.009996083 0.014586517 0.021284986 0.031059548 0.04532282 0.06613611
             [,7]        [,8]        [,9]       [,10]       [,11]       [,12]
 [1,] 0.103578455 0.070981908 0.048643622 0.033335283 0.081122322 0.055592808
 [2,] 0.151144097 0.103578455 0.070981908 0.048643622 0.055592808 0.081122322
 [3,] 0.220552992 0.151144097 0.103578455 0.070981908 0.038097532 0.055592808
 [4,] 0.321836069 0.220552992 0.151144097 0.103578455 0.026108089 0.038097532
 [5,] 0.469630697 0.321836069 0.220552992 0.151144097 0.017891771 0.026108089
 [6,] 0.685296065 0.469630697 0.321836069 0.220552992 0.012261160 0.017891771
 [7,] 1.000000000 0.685296065 0.469630697 0.321836069 0.008402525 0.012261160
 [8,] 0.685296065 1.000000000 0.685296065 0.469630697 0.005758217 0.008402525
 [9,] 0.469630697 0.685296065 1.000000000 0.685296065 0.003946084 0.005758217
[10,] 0.321836069 0.469630697 0.685296065 1.000000000 0.002704236 0.003946084
[11,] 0.008402525 0.005758217 0.003946084 0.002704236 1.000000000 0.685296065
[12,] 0.012261160 0.008402525 0.005758217 0.003946084 0.685296065 1.000000000
[13,] 0.017891771 0.012261160 0.008402525 0.005758217 0.469630697 0.685296065
[14,] 0.026108089 0.017891771 0.012261160 0.008402525 0.321836069 0.469630697
[15,] 0.038097532 0.026108089 0.017891771 0.012261160 0.220552992 0.321836069
[16,] 0.055592808 0.038097532 0.026108089 0.017891771 0.151144097 0.220552992
[17,] 0.081122322 0.055592808 0.038097532 0.026108089 0.103578455 0.151144097
[18,] 0.055592808 0.081122322 0.055592808 0.038097532 0.070981908 0.103578455
[19,] 0.038097532 0.055592808 0.081122322 0.055592808 0.048643622 0.070981908
[20,] 0.026108089 0.038097532 0.055592808 0.081122322 0.033335283 0.048643622
[21,] 0.031059548 0.021284986 0.014586517 0.009996083 0.144785273 0.099220778
[22,] 0.045322817 0.031059548 0.021284986 0.014586517 0.099220778 0.144785273
[23,] 0.066136111 0.045322817 0.031059548 0.021284986 0.067995609 0.099220778
[24,] 0.096507355 0.066136111 0.045322817 0.031059548 0.046597123 0.067995609
[25,] 0.140825784 0.096507355 0.066136111 0.045322817 0.031932825 0.046597123
[26,] 0.205496268 0.140825784 0.096507355 0.066136111 0.021883439 0.031932825
[27,] 0.299864946 0.205496268 0.140825784 0.096507355 0.014996635 0.021883439
[28,] 0.205496268 0.299864946 0.205496268 0.140825784 0.010277135 0.014996635
[29,] 0.140825784 0.205496268 0.299864946 0.205496268 0.007042880 0.010277135
[30,] 0.096507355 0.140825784 0.205496268 0.299864946 0.004826458 0.007042880
            [,13]       [,14]      [,15]      [,16]       [,17]       [,18]
 [1,] 0.038097532 0.026108089 0.01789177 0.01226116 0.008402525 0.005758217
 [2,] 0.055592808 0.038097532 0.02610809 0.01789177 0.012261160 0.008402525
 [3,] 0.081122322 0.055592808 0.03809753 0.02610809 0.017891771 0.012261160
 [4,] 0.055592808 0.081122322 0.05559281 0.03809753 0.026108089 0.017891771
 [5,] 0.038097532 0.055592808 0.08112232 0.05559281 0.038097532 0.026108089
 [6,] 0.026108089 0.038097532 0.05559281 0.08112232 0.055592808 0.038097532
 [7,] 0.017891771 0.026108089 0.03809753 0.05559281 0.081122322 0.055592808
 [8,] 0.012261160 0.017891771 0.02610809 0.03809753 0.055592808 0.081122322
 [9,] 0.008402525 0.012261160 0.01789177 0.02610809 0.038097532 0.055592808
[10,] 0.005758217 0.008402525 0.01226116 0.01789177 0.026108089 0.038097532
[11,] 0.469630697 0.321836069 0.22055299 0.15114410 0.103578455 0.070981908
[12,] 0.685296065 0.469630697 0.32183607 0.22055299 0.151144097 0.103578455
[13,] 1.000000000 0.685296065 0.46963070 0.32183607 0.220552992 0.151144097
[14,] 0.685296065 1.000000000 0.68529607 0.46963070 0.321836069 0.220552992
[15,] 0.469630697 0.685296065 1.00000000 0.68529607 0.469630697 0.321836069
[16,] 0.321836069 0.469630697 0.68529607 1.00000000 0.685296065 0.469630697
[17,] 0.220552992 0.321836069 0.46963070 0.68529607 1.000000000 0.685296065
[18,] 0.151144097 0.220552992 0.32183607 0.46963070 0.685296065 1.000000000
[19,] 0.103578455 0.151144097 0.22055299 0.32183607 0.469630697 0.685296065
[20,] 0.070981908 0.103578455 0.15114410 0.22055299 0.321836069 0.469630697
[21,] 0.067995609 0.046597123 0.03193283 0.02188344 0.014996635 0.010277135
[22,] 0.099220778 0.067995609 0.04659712 0.03193283 0.021883439 0.014996635
[23,] 0.144785273 0.099220778 0.06799561 0.04659712 0.031932825 0.021883439
[24,] 0.099220778 0.144785273 0.09922078 0.06799561 0.046597123 0.031932825
[25,] 0.067995609 0.099220778 0.14478527 0.09922078 0.067995609 0.046597123
[26,] 0.046597123 0.067995609 0.09922078 0.14478527 0.099220778 0.067995609
[27,] 0.031932825 0.046597123 0.06799561 0.09922078 0.144785273 0.099220778
[28,] 0.021883439 0.031932825 0.04659712 0.06799561 0.099220778 0.144785273
[29,] 0.014996635 0.021883439 0.03193283 0.04659712 0.067995609 0.099220778
[30,] 0.010277135 0.014996635 0.02188344 0.03193283 0.046597123 0.067995609
            [,19]       [,20]       [,21]      [,22]      [,23]      [,24]
 [1,] 0.003946084 0.002704236 0.299864946 0.20549627 0.14082578 0.09650736
 [2,] 0.005758217 0.003946084 0.205496268 0.29986495 0.20549627 0.14082578
 [3,] 0.008402525 0.005758217 0.140825784 0.20549627 0.29986495 0.20549627
 [4,] 0.012261160 0.008402525 0.096507355 0.14082578 0.20549627 0.29986495
 [5,] 0.017891771 0.012261160 0.066136111 0.09650736 0.14082578 0.20549627
 [6,] 0.026108089 0.017891771 0.045322817 0.06613611 0.09650736 0.14082578
 [7,] 0.038097532 0.026108089 0.031059548 0.04532282 0.06613611 0.09650736
 [8,] 0.055592808 0.038097532 0.021284986 0.03105955 0.04532282 0.06613611
 [9,] 0.081122322 0.055592808 0.014586517 0.02128499 0.03105955 0.04532282
[10,] 0.055592808 0.081122322 0.009996083 0.01458652 0.02128499 0.03105955
[11,] 0.048643622 0.033335283 0.144785273 0.09922078 0.06799561 0.04659712
[12,] 0.070981908 0.048643622 0.099220778 0.14478527 0.09922078 0.06799561
[13,] 0.103578455 0.070981908 0.067995609 0.09922078 0.14478527 0.09922078
[14,] 0.151144097 0.103578455 0.046597123 0.06799561 0.09922078 0.14478527
[15,] 0.220552992 0.151144097 0.031932825 0.04659712 0.06799561 0.09922078
[16,] 0.321836069 0.220552992 0.021883439 0.03193283 0.04659712 0.06799561
[17,] 0.469630697 0.321836069 0.014996635 0.02188344 0.03193283 0.04659712
[18,] 0.685296065 0.469630697 0.010277135 0.01499663 0.02188344 0.03193283
[19,] 1.000000000 0.685296065 0.007042880 0.01027713 0.01499663 0.02188344
[20,] 0.685296065 1.000000000 0.004826458 0.00704288 0.01027713 0.01499663
[21,] 0.007042880 0.004826458 1.000000000 0.68529607 0.46963070 0.32183607
[22,] 0.010277135 0.007042880 0.685296065 1.00000000 0.68529607 0.46963070
[23,] 0.014996635 0.010277135 0.469630697 0.68529607 1.00000000 0.68529607
[24,] 0.021883439 0.014996635 0.321836069 0.46963070 0.68529607 1.00000000
[25,] 0.031932825 0.021883439 0.220552992 0.32183607 0.46963070 0.68529607
[26,] 0.046597123 0.031932825 0.151144097 0.22055299 0.32183607 0.46963070
[27,] 0.067995609 0.046597123 0.103578455 0.15114410 0.22055299 0.32183607
[28,] 0.099220778 0.067995609 0.070981908 0.10357846 0.15114410 0.22055299
[29,] 0.144785273 0.099220778 0.048643622 0.07098191 0.10357846 0.15114410
[30,] 0.099220778 0.144785273 0.033335283 0.04864362 0.07098191 0.10357846
           [,25]      [,26]      [,27]      [,28]      [,29]       [,30]
 [1,] 0.06613611 0.04532282 0.03105955 0.02128499 0.01458652 0.009996083
 [2,] 0.09650736 0.06613611 0.04532282 0.03105955 0.02128499 0.014586517
 [3,] 0.14082578 0.09650736 0.06613611 0.04532282 0.03105955 0.021284986
 [4,] 0.20549627 0.14082578 0.09650736 0.06613611 0.04532282 0.031059548
 [5,] 0.29986495 0.20549627 0.14082578 0.09650736 0.06613611 0.045322817
 [6,] 0.20549627 0.29986495 0.20549627 0.14082578 0.09650736 0.066136111
 [7,] 0.14082578 0.20549627 0.29986495 0.20549627 0.14082578 0.096507355
 [8,] 0.09650736 0.14082578 0.20549627 0.29986495 0.20549627 0.140825784
 [9,] 0.06613611 0.09650736 0.14082578 0.20549627 0.29986495 0.205496268
[10,] 0.04532282 0.06613611 0.09650736 0.14082578 0.20549627 0.299864946
[11,] 0.03193283 0.02188344 0.01499663 0.01027713 0.00704288 0.004826458
[12,] 0.04659712 0.03193283 0.02188344 0.01499663 0.01027713 0.007042880
[13,] 0.06799561 0.04659712 0.03193283 0.02188344 0.01499663 0.010277135
[14,] 0.09922078 0.06799561 0.04659712 0.03193283 0.02188344 0.014996635
[15,] 0.14478527 0.09922078 0.06799561 0.04659712 0.03193283 0.021883439
[16,] 0.09922078 0.14478527 0.09922078 0.06799561 0.04659712 0.031932825
[17,] 0.06799561 0.09922078 0.14478527 0.09922078 0.06799561 0.046597123
[18,] 0.04659712 0.06799561 0.09922078 0.14478527 0.09922078 0.067995609
[19,] 0.03193283 0.04659712 0.06799561 0.09922078 0.14478527 0.099220778
[20,] 0.02188344 0.03193283 0.04659712 0.06799561 0.09922078 0.144785273
[21,] 0.22055299 0.15114410 0.10357846 0.07098191 0.04864362 0.033335283
[22,] 0.32183607 0.22055299 0.15114410 0.10357846 0.07098191 0.048643622
[23,] 0.46963070 0.32183607 0.22055299 0.15114410 0.10357846 0.070981908
[24,] 0.68529607 0.46963070 0.32183607 0.22055299 0.15114410 0.103578455
[25,] 1.00000000 0.68529607 0.46963070 0.32183607 0.22055299 0.151144097
[26,] 0.68529607 1.00000000 0.68529607 0.46963070 0.32183607 0.220552992
[27,] 0.46963070 0.68529607 1.00000000 0.68529607 0.46963070 0.321836069
[28,] 0.32183607 0.46963070 0.68529607 1.00000000 0.68529607 0.469630697
[29,] 0.22055299 0.32183607 0.46963070 0.68529607 1.00000000 0.685296065
[30,] 0.15114410 0.22055299 0.32183607 0.46963070 0.68529607 1.000000000
> 
> ## Aproximate p-values for model
> (pvalues <- 2 * pnorm(abs(coef(summary(model$model))[,5]), lower.tail = FALSE))
  (Intercept)       Period2       Period3    TreatmentB    TreatmentC 
2.989329e-257  5.417779e-02  1.139322e-02  5.804860e-01  1.137911e-04 
      Carry_B       Carry_C          Time 
 3.749680e-02  1.537481e-02  2.650313e-01 
> 
> model2 <- CrossGEEKron(response = "Pressure", treatment = "Treatment",
+  period = "Period", id="Subject", time="Time",
+  carry=c("Carry_B","Carry_C"), data=data,
+  correlation = "AR-M", Mv=1,formula=Pressure ~ Treatment+
+  Period+ Carry_B+Carry_C)
Beginning Cgee S-function, @(#) geeformula.q 4.13 98/01/27
running glm to get initial regression estimate
(Intercept)  TreatmentB  TreatmentC     Period2     Period3     Carry_B 
    108.800       0.405      -7.755       4.700       3.575      -5.585 
    Carry_C 
     -7.565 
Beginning Cgee S-function, @(#) geeformula.q 4.13 98/01/27
user's initial regression estimate
           [,1]
[1,] 106.571720
[2,]   1.756633
[3,]  -4.662927
[4,]   4.556122
[5,]   3.597176
[6,]  -3.766432
[7,]  -4.088502
Beginning Cgee S-function, @(#) geeformula.q 4.13 98/01/27
user's initial regression estimate
            [,1]
[1,] 108.4705386
[2,]   0.8703905
[3,]  -5.8064186
[4,]   4.2060374
[5,]   3.1568665
[6,]  -4.8333196
[7,]  -5.7959334
Beginning Cgee S-function, @(#) geeformula.q 4.13 98/01/27
user's initial regression estimate
            [,1]
[1,] 108.4724103
[2,]   0.8634189
[3,]  -5.8211573
[4,]   4.2117724
[5,]   3.1617454
[6,]  -4.8335791
[7,]  -5.8246078
Beginning Cgee S-function, @(#) geeformula.q 4.13 98/01/27
running glm to get initial regression estimate
(Intercept)  TreatmentB  TreatmentC     Period2     Period3     Carry_B 
    108.800       0.405      -7.755       4.700       3.575      -5.585 
    Carry_C 
     -7.565 
Beginning Cgee S-function, @(#) geeformula.q 4.13 98/01/27
running glm to get initial regression estimate
(Intercept)  TreatmentB  TreatmentC     Period2     Period3     Carry_B 
    108.800       0.405      -7.755       4.700       3.575      -5.585 
    Carry_C 
     -7.565 
> 
> model2$QIC
                  QICs
QIC        48708.45617
QICu       48681.68996
Quasi Lik -24333.84498
CIC           20.38311
params         7.00000
QICC       48756.45617
> model2$Within
            [,1]       [,2]       [,3]      [,4]      [,5]      [,6]      [,7]
 [1,] 1.00000000 0.68158884 0.46456335 0.3166412 0.2158191 0.1470999 0.1002616
 [2,] 0.68158884 1.00000000 0.68158884 0.4645634 0.3166412 0.2158191 0.1470999
 [3,] 0.46456335 0.68158884 1.00000000 0.6815888 0.4645634 0.3166412 0.2158191
 [4,] 0.31664120 0.46456335 0.68158884 1.0000000 0.6815888 0.4645634 0.3166412
 [5,] 0.21581911 0.31664120 0.46456335 0.6815888 1.0000000 0.6815888 0.4645634
 [6,] 0.14709990 0.21581911 0.31664120 0.4645634 0.6815888 1.0000000 0.6815888
 [7,] 0.10026165 0.14709990 0.21581911 0.3166412 0.4645634 0.6815888 1.0000000
 [8,] 0.06833722 0.10026165 0.14709990 0.2158191 0.3166412 0.4645634 0.6815888
 [9,] 0.04657789 0.06833722 0.10026165 0.1470999 0.2158191 0.3166412 0.4645634
[10,] 0.03174697 0.04657789 0.06833722 0.1002616 0.1470999 0.2158191 0.3166412
            [,8]       [,9]      [,10]
 [1,] 0.06833722 0.04657789 0.03174697
 [2,] 0.10026165 0.06833722 0.04657789
 [3,] 0.14709990 0.10026165 0.06833722
 [4,] 0.21581911 0.14709990 0.10026165
 [5,] 0.31664120 0.21581911 0.14709990
 [6,] 0.46456335 0.31664120 0.21581911
 [7,] 0.68158884 0.46456335 0.31664120
 [8,] 1.00000000 0.68158884 0.46456335
 [9,] 0.68158884 1.00000000 0.68158884
[10,] 0.46456335 0.68158884 1.00000000
> model2$Between
          [,1]      [,2]      [,3]
[1,] 1.0000000 0.0835105 0.3021100
[2,] 0.0835105 1.0000000 0.1468542
[3,] 0.3021100 0.1468542 1.0000000
> summary(model2$model)

 GEE:  GENERALIZED LINEAR MODELS FOR DEPENDENT DATA
 gee S-function, version 4.13 modified 98/01/27 (1998) 

Model:
 Link:                      Identity 
 Variance to Mean Relation: Gaussian 
 Correlation Structure:     Fixed 

Call:
gee::gee(formula = form1, id = id, data = data, R = RR, family = family, 
    corstr = "fixed")

Summary of Residuals:
          Min            1Q        Median            3Q           Max 
-28.800723134  -8.852844033  -0.004213831   7.783445617  28.327673597 


Coefficients:
               Estimate Naive S.E.    Naive z Robust S.E.   Robust z
(Intercept) 108.4723842   2.612855 41.5148849    3.215587 33.7333121
TreatmentB    0.8633416   2.781197  0.3104209    1.560285  0.5533231
TreatmentC   -5.8215370   2.781197 -2.0931769    1.505491 -3.8668690
Period2       4.2116894   3.468729  1.2141880    2.186579  1.9261551
Period3       3.1616339   3.189760  0.9911823    1.250939  2.5274081
Carry_B      -4.8332949   3.568351 -1.3544898    2.329086 -2.0751892
Carry_C      -5.8250332   3.568351 -1.6324160    2.402828 -2.4242406

Estimated Scale Parameter:  137.8688
Number of Iterations:  2

Working Correlation
             [,1]        [,2]        [,3]       [,4]       [,5]       [,6]
 [1,] 1.000000000 0.681588843 0.464563352 0.31664120 0.21581911 0.14709990
 [2,] 0.681588843 1.000000000 0.681588843 0.46456335 0.31664120 0.21581911
 [3,] 0.464563352 0.681588843 1.000000000 0.68158884 0.46456335 0.31664120
 [4,] 0.316641197 0.464563352 0.681588843 1.00000000 0.68158884 0.46456335
 [5,] 0.215819108 0.316641197 0.464563352 0.68158884 1.00000000 0.68158884
 [6,] 0.147099896 0.215819108 0.316641197 0.46456335 0.68158884 1.00000000
 [7,] 0.100261648 0.147099896 0.215819108 0.31664120 0.46456335 0.68158884
 [8,] 0.068337221 0.100261648 0.147099896 0.21581911 0.31664120 0.46456335
 [9,] 0.046577887 0.068337221 0.100261648 0.14709990 0.21581911 0.31664120
[10,] 0.031746968 0.046577887 0.068337221 0.10026165 0.14709990 0.21581911
[11,] 0.083510498 0.056919824 0.038795917 0.02644286 0.01802316 0.01228439
[12,] 0.056919824 0.083510498 0.056919824 0.03879592 0.02644286 0.01802316
[13,] 0.038795917 0.056919824 0.083510498 0.05691982 0.03879592 0.02644286
[14,] 0.026442864 0.038795917 0.056919824 0.08351050 0.05691982 0.03879592
[15,] 0.018023161 0.026442864 0.038795917 0.05691982 0.08351050 0.05691982
[16,] 0.012284386 0.018023161 0.026442864 0.03879592 0.05691982 0.08351050
[17,] 0.008372900 0.012284386 0.018023161 0.02644286 0.03879592 0.05691982
[18,] 0.005706875 0.008372900 0.012284386 0.01802316 0.02644286 0.03879592
[19,] 0.003889743 0.005706875 0.008372900 0.01228439 0.01802316 0.02644286
[20,] 0.002651205 0.003889743 0.005706875 0.00837290 0.01228439 0.01802316
[21,] 0.302110021 0.205914820 0.140349244 0.09566048 0.06520112 0.04444035
[22,] 0.205914820 0.302110021 0.205914820 0.14034924 0.09566048 0.06520112
[23,] 0.140349244 0.205914820 0.302110021 0.20591482 0.14034924 0.09566048
[24,] 0.095660479 0.140349244 0.205914820 0.30211002 0.20591482 0.14034924
[25,] 0.065201115 0.095660479 0.140349244 0.20591482 0.30211002 0.20591482
[26,] 0.044440353 0.065201115 0.095660479 0.14034924 0.20591482 0.30211002
[27,] 0.030290049 0.044440353 0.065201115 0.09566048 0.14034924 0.20591482
[28,] 0.020645359 0.030290049 0.044440353 0.06520112 0.09566048 0.14034924
[29,] 0.014071646 0.020645359 0.030290049 0.04444035 0.06520112 0.09566048
[30,] 0.009591077 0.014071646 0.020645359 0.03029005 0.04444035 0.06520112
            [,7]        [,8]        [,9]       [,10]       [,11]       [,12]
 [1,] 0.10026165 0.068337221 0.046577887 0.031746968 0.083510498 0.056919824
 [2,] 0.14709990 0.100261648 0.068337221 0.046577887 0.056919824 0.083510498
 [3,] 0.21581911 0.147099896 0.100261648 0.068337221 0.038795917 0.056919824
 [4,] 0.31664120 0.215819108 0.147099896 0.100261648 0.026442864 0.038795917
 [5,] 0.46456335 0.316641197 0.215819108 0.147099896 0.018023161 0.026442864
 [6,] 0.68158884 0.464563352 0.316641197 0.215819108 0.012284386 0.018023161
 [7,] 1.00000000 0.681588843 0.464563352 0.316641197 0.008372900 0.012284386
 [8,] 0.68158884 1.000000000 0.681588843 0.464563352 0.005706875 0.008372900
 [9,] 0.46456335 0.681588843 1.000000000 0.681588843 0.003889743 0.005706875
[10,] 0.31664120 0.464563352 0.681588843 1.000000000 0.002651205 0.003889743
[11,] 0.00837290 0.005706875 0.003889743 0.002651205 1.000000000 0.681588843
[12,] 0.01228439 0.008372900 0.005706875 0.003889743 0.681588843 1.000000000
[13,] 0.01802316 0.012284386 0.008372900 0.005706875 0.464563352 0.681588843
[14,] 0.02644286 0.018023161 0.012284386 0.008372900 0.316641197 0.464563352
[15,] 0.03879592 0.026442864 0.018023161 0.012284386 0.215819108 0.316641197
[16,] 0.05691982 0.038795917 0.026442864 0.018023161 0.147099896 0.215819108
[17,] 0.08351050 0.056919824 0.038795917 0.026442864 0.100261648 0.147099896
[18,] 0.05691982 0.083510498 0.056919824 0.038795917 0.068337221 0.100261648
[19,] 0.03879592 0.056919824 0.083510498 0.056919824 0.046577887 0.068337221
[20,] 0.02644286 0.038795917 0.056919824 0.083510498 0.031746968 0.046577887
[21,] 0.03029005 0.020645359 0.014071646 0.009591077 0.146854233 0.100094207
[22,] 0.04444035 0.030290049 0.020645359 0.014071646 0.100094207 0.146854233
[23,] 0.06520112 0.044440353 0.030290049 0.020645359 0.068223095 0.100094207
[24,] 0.09566048 0.065201115 0.044440353 0.030290049 0.046500100 0.068223095
[25,] 0.14034924 0.095660479 0.065201115 0.044440353 0.031693949 0.046500100
[26,] 0.20591482 0.140349244 0.095660479 0.065201115 0.021602242 0.031693949
[27,] 0.30211002 0.205914820 0.140349244 0.095660479 0.014723847 0.021602242
[28,] 0.20591482 0.302110021 0.205914820 0.140349244 0.010035610 0.014723847
[29,] 0.14034924 0.205914820 0.302110021 0.205914820 0.006840160 0.010035610
[30,] 0.09566048 0.140349244 0.205914820 0.302110021 0.004662177 0.006840160
            [,13]      [,14]      [,15]      [,16]      [,17]       [,18]
 [1,] 0.038795917 0.02644286 0.01802316 0.01228439 0.00837290 0.005706875
 [2,] 0.056919824 0.03879592 0.02644286 0.01802316 0.01228439 0.008372900
 [3,] 0.083510498 0.05691982 0.03879592 0.02644286 0.01802316 0.012284386
 [4,] 0.056919824 0.08351050 0.05691982 0.03879592 0.02644286 0.018023161
 [5,] 0.038795917 0.05691982 0.08351050 0.05691982 0.03879592 0.026442864
 [6,] 0.026442864 0.03879592 0.05691982 0.08351050 0.05691982 0.038795917
 [7,] 0.018023161 0.02644286 0.03879592 0.05691982 0.08351050 0.056919824
 [8,] 0.012284386 0.01802316 0.02644286 0.03879592 0.05691982 0.083510498
 [9,] 0.008372900 0.01228439 0.01802316 0.02644286 0.03879592 0.056919824
[10,] 0.005706875 0.00837290 0.01228439 0.01802316 0.02644286 0.038795917
[11,] 0.464563352 0.31664120 0.21581911 0.14709990 0.10026165 0.068337221
[12,] 0.681588843 0.46456335 0.31664120 0.21581911 0.14709990 0.100261648
[13,] 1.000000000 0.68158884 0.46456335 0.31664120 0.21581911 0.147099896
[14,] 0.681588843 1.00000000 0.68158884 0.46456335 0.31664120 0.215819108
[15,] 0.464563352 0.68158884 1.00000000 0.68158884 0.46456335 0.316641197
[16,] 0.316641197 0.46456335 0.68158884 1.00000000 0.68158884 0.464563352
[17,] 0.215819108 0.31664120 0.46456335 0.68158884 1.00000000 0.681588843
[18,] 0.147099896 0.21581911 0.31664120 0.46456335 0.68158884 1.000000000
[19,] 0.100261648 0.14709990 0.21581911 0.31664120 0.46456335 0.681588843
[20,] 0.068337221 0.10026165 0.14709990 0.21581911 0.31664120 0.464563352
[21,] 0.068223095 0.04650010 0.03169395 0.02160224 0.01472385 0.010035610
[22,] 0.100094207 0.06822309 0.04650010 0.03169395 0.02160224 0.014723847
[23,] 0.146854233 0.10009421 0.06822309 0.04650010 0.03169395 0.021602242
[24,] 0.100094207 0.14685423 0.10009421 0.06822309 0.04650010 0.031693949
[25,] 0.068223095 0.10009421 0.14685423 0.10009421 0.06822309 0.046500100
[26,] 0.046500100 0.06822309 0.10009421 0.14685423 0.10009421 0.068223095
[27,] 0.031693949 0.04650010 0.06822309 0.10009421 0.14685423 0.100094207
[28,] 0.021602242 0.03169395 0.04650010 0.06822309 0.10009421 0.146854233
[29,] 0.014723847 0.02160224 0.03169395 0.04650010 0.06822309 0.100094207
[30,] 0.010035610 0.01472385 0.02160224 0.03169395 0.04650010 0.068223095
            [,19]       [,20]       [,21]      [,22]      [,23]      [,24]
 [1,] 0.003889743 0.002651205 0.302110021 0.20591482 0.14034924 0.09566048
 [2,] 0.005706875 0.003889743 0.205914820 0.30211002 0.20591482 0.14034924
 [3,] 0.008372900 0.005706875 0.140349244 0.20591482 0.30211002 0.20591482
 [4,] 0.012284386 0.008372900 0.095660479 0.14034924 0.20591482 0.30211002
 [5,] 0.018023161 0.012284386 0.065201115 0.09566048 0.14034924 0.20591482
 [6,] 0.026442864 0.018023161 0.044440353 0.06520112 0.09566048 0.14034924
 [7,] 0.038795917 0.026442864 0.030290049 0.04444035 0.06520112 0.09566048
 [8,] 0.056919824 0.038795917 0.020645359 0.03029005 0.04444035 0.06520112
 [9,] 0.083510498 0.056919824 0.014071646 0.02064536 0.03029005 0.04444035
[10,] 0.056919824 0.083510498 0.009591077 0.01407165 0.02064536 0.03029005
[11,] 0.046577887 0.031746968 0.146854233 0.10009421 0.06822309 0.04650010
[12,] 0.068337221 0.046577887 0.100094207 0.14685423 0.10009421 0.06822309
[13,] 0.100261648 0.068337221 0.068223095 0.10009421 0.14685423 0.10009421
[14,] 0.147099896 0.100261648 0.046500100 0.06822309 0.10009421 0.14685423
[15,] 0.215819108 0.147099896 0.031693949 0.04650010 0.06822309 0.10009421
[16,] 0.316641197 0.215819108 0.021602242 0.03169395 0.04650010 0.06822309
[17,] 0.464563352 0.316641197 0.014723847 0.02160224 0.03169395 0.04650010
[18,] 0.681588843 0.464563352 0.010035610 0.01472385 0.02160224 0.03169395
[19,] 1.000000000 0.681588843 0.006840160 0.01003561 0.01472385 0.02160224
[20,] 0.681588843 1.000000000 0.004662177 0.00684016 0.01003561 0.01472385
[21,] 0.006840160 0.004662177 1.000000000 0.68158884 0.46456335 0.31664120
[22,] 0.010035610 0.006840160 0.681588843 1.00000000 0.68158884 0.46456335
[23,] 0.014723847 0.010035610 0.464563352 0.68158884 1.00000000 0.68158884
[24,] 0.021602242 0.014723847 0.316641197 0.46456335 0.68158884 1.00000000
[25,] 0.031693949 0.021602242 0.215819108 0.31664120 0.46456335 0.68158884
[26,] 0.046500100 0.031693949 0.147099896 0.21581911 0.31664120 0.46456335
[27,] 0.068223095 0.046500100 0.100261648 0.14709990 0.21581911 0.31664120
[28,] 0.100094207 0.068223095 0.068337221 0.10026165 0.14709990 0.21581911
[29,] 0.146854233 0.100094207 0.046577887 0.06833722 0.10026165 0.14709990
[30,] 0.100094207 0.146854233 0.031746968 0.04657789 0.06833722 0.10026165
           [,25]      [,26]      [,27]      [,28]      [,29]       [,30]
 [1,] 0.06520112 0.04444035 0.03029005 0.02064536 0.01407165 0.009591077
 [2,] 0.09566048 0.06520112 0.04444035 0.03029005 0.02064536 0.014071646
 [3,] 0.14034924 0.09566048 0.06520112 0.04444035 0.03029005 0.020645359
 [4,] 0.20591482 0.14034924 0.09566048 0.06520112 0.04444035 0.030290049
 [5,] 0.30211002 0.20591482 0.14034924 0.09566048 0.06520112 0.044440353
 [6,] 0.20591482 0.30211002 0.20591482 0.14034924 0.09566048 0.065201115
 [7,] 0.14034924 0.20591482 0.30211002 0.20591482 0.14034924 0.095660479
 [8,] 0.09566048 0.14034924 0.20591482 0.30211002 0.20591482 0.140349244
 [9,] 0.06520112 0.09566048 0.14034924 0.20591482 0.30211002 0.205914820
[10,] 0.04444035 0.06520112 0.09566048 0.14034924 0.20591482 0.302110021
[11,] 0.03169395 0.02160224 0.01472385 0.01003561 0.00684016 0.004662177
[12,] 0.04650010 0.03169395 0.02160224 0.01472385 0.01003561 0.006840160
[13,] 0.06822309 0.04650010 0.03169395 0.02160224 0.01472385 0.010035610
[14,] 0.10009421 0.06822309 0.04650010 0.03169395 0.02160224 0.014723847
[15,] 0.14685423 0.10009421 0.06822309 0.04650010 0.03169395 0.021602242
[16,] 0.10009421 0.14685423 0.10009421 0.06822309 0.04650010 0.031693949
[17,] 0.06822309 0.10009421 0.14685423 0.10009421 0.06822309 0.046500100
[18,] 0.04650010 0.06822309 0.10009421 0.14685423 0.10009421 0.068223095
[19,] 0.03169395 0.04650010 0.06822309 0.10009421 0.14685423 0.100094207
[20,] 0.02160224 0.03169395 0.04650010 0.06822309 0.10009421 0.146854233
[21,] 0.21581911 0.14709990 0.10026165 0.06833722 0.04657789 0.031746968
[22,] 0.31664120 0.21581911 0.14709990 0.10026165 0.06833722 0.046577887
[23,] 0.46456335 0.31664120 0.21581911 0.14709990 0.10026165 0.068337221
[24,] 0.68158884 0.46456335 0.31664120 0.21581911 0.14709990 0.100261648
[25,] 1.00000000 0.68158884 0.46456335 0.31664120 0.21581911 0.147099896
[26,] 0.68158884 1.00000000 0.68158884 0.46456335 0.31664120 0.215819108
[27,] 0.46456335 0.68158884 1.00000000 0.68158884 0.46456335 0.316641197
[28,] 0.31664120 0.46456335 0.68158884 1.00000000 0.68158884 0.464563352
[29,] 0.21581911 0.31664120 0.46456335 0.68158884 1.00000000 0.681588843
[30,] 0.14709990 0.21581911 0.31664120 0.46456335 0.68158884 1.000000000
> 
> 
> 
> 
> 
> base::assign(".dptime", (proc.time() - get(".ptime", pos = "CheckExEnv")), pos = "CheckExEnv")
> base::cat("CrossGEEKron", base::get(".format_ptime", pos = 'CheckExEnv')(get(".dptime", pos = "CheckExEnv")), "\n", file=base::get(".ExTimings", pos = 'CheckExEnv'), append=TRUE, sep="\t")
> cleanEx()
> nameEx("CrossGEESP")
> ### * CrossGEESP
> 
> flush(stderr()); flush(stdout())
> 
> base::assign(".ptime", proc.time(), pos = "CheckExEnv")
> ### Name: CrossGEESP
> ### Title: Run a semi-parametric GEE model for data from a crossover
> ###   experiment with repeated measures
> ### Aliases: CrossGEESP
> 
> ### ** Examples
> 
> data(Arterial)
> 
> carrydata <- createCarry(data=Arterial, treatment = "Treatment",
+                          period = "Period",id="Subject", carrySimple = FALSE)
[1] "This variable was added to data: Carry_A_over_B"
[2] "This variable was added to data: Carry_A_over_C"
[3] "This variable was added to data: Carry_B_over_A"
[4] "This variable was added to data: Carry_B_over_C"
[5] "This variable was added to data: Carry_C_over_A"
[6] "This variable was added to data: Carry_C_over_B"
> data <- carrydata$data
> carry <- carrydata$carryover
> model1 <- CrossGEESP(response = "Pressure", treatment = "Treatment",
+                     period = "Period", id="Subject", time="Time",
